Matrix: A
94.3997 101.931 230.793 
130.838 110.253 142.572 
231.097 75.0741 145.686 

Matrix: B
151.039 163.09 369.269 209.34 176.405 228.115 
369.755 120.118 233.098 112.567 186.328 394.423 
337.671 134.749 297.995 236.462 34.6415 275.086 

Matrix: C_CPU
129880 58738.4 127394 85809.5 43640.1 125226 
108671 53793 116500 73513.3 48562.4 112552 
111858 66338.3 146250 91278 59801.7 122404 

Matrix: C_GPU
61576.1 58738.4 149141 85809.5 33069.2 125226 
58890.9 53793 129698 73513.3 35511.3 112552 
67020.3 66338.3 159924 91278 42921.9 122404 

