Matrix: A
106.153 85.2263 96.1904 
134.82 60.1136 9.02441 
109.321 158.32 212.937 

Matrix: B
169.845 136.362 153.905 215.713 96.1817 14.4391 
174.914 253.312 340.699 232.361 70.4558 327.294 
331.445 186.834 278.954 63.312 294.039 73.9073 

Matrix: C_CPU
64818.7 54035.7 72206.7 48791.9 44498.4 36536 
36404.4 35298 43747.5 43621.9 19856.1 22288.4 
116837 94795.5 130164 73850.9 84281.1 69133.3 

Matrix: C_GPU
64818.7 54035.7 72206.7 48791.9 44498.4 36536 
36404.4 35298 43747.5 43621.9 19856.1 22288.4 
116837 94795.5 130164 73850.9 84281.1 69133.3 

