Matrix: A
86.6094 201.695 202.373 
235.861 219.756 23.1606 
69.3874 20.8972 220.75 

Matrix: B
138.575 322.712 323.797 377.377 351.609 37.0569 
111.02 33.4356 353.199 226.06 137.912 386.678 
16.8057 340.967 214.022 299.38 372.602 206.381 

Matrix: C_CPU
37795 103696 142595 138866 133673 122966 
57470.9 91359.7 158945 145620 121867 98494.8 
15645.2 98359.1 77093.5 96997.3 109531 56210.3 

Matrix: C_GPU
133865 103696 113771 138866 147072 122966 
120851 91359.7 93470.2 145620 91445.1 98494.8 
67404.2 98359.1 108601 96997.3 91697 56210.3 

