Matrix: A
89.2552 70.7748 226.683 112.374 36.7663 75.0439 244.65 130.642 115.157 233.139 
144.253 76.8413 143.589 58.8449 203.93 82.4615 84.5293 122.024 25.0695 29.979 
82.352 151.926 229.277 77.7429 227.833 157.4 140.401 119.336 245.561 191.931 
46.1207 84.8166 12.7062 22.8039 197.191 49.4724 97.8478 191.841 180.114 213.005 
174.98 74.3672 39.8465 68.569 133.212 243.776 151.03 217.741 115.8 176.1 
247.72 198.152 78.0257 226.998 25.8951 55.8588 134.398 166.296 175.195 129.959 
108.228 221.316 214.776 120.934 244.12 161.966 170.406 91.9674 103.807 100.521 
54.9726 28.787 174.888 94.8192 97.356 58.1001 88.5953 248.386 25.8415 204.395 
174.486 23.5619 152.548 2.51212 0.559508 178.443 58.3709 134.957 94.7391 233.566 
14.916 202.967 204.882 229.692 73.9006 199.001 141.658 244.307 40.9686 245.466 

Matrix: B
142.808 113.24 362.693 179.799 58.826 120.07 391.44 209.027 184.252 373.022 230.804 122.946 229.743 94.1518 
326.287 131.938 135.247 195.238 40.1113 47.9665 131.763 243.081 366.843 124.389 364.533 251.84 224.642 190.938 
392.898 307.09 73.7931 135.707 20.3299 36.4863 315.505 79.1559 156.557 306.946 288.183 340.808 279.967 118.988 
63.7544 109.71 213.139 390.042 241.649 348.386 185.28 281.76 396.353 317.044 124.841 363.196 41.4321 89.3741 
215.036 266.074 280.312 207.934 173.164 354.105 343.641 193.494 390.591 259.146 272.65 147.148 166.092 160.833 
87.9562 46.0592 279.821 151.711 155.77 92.9602 141.753 397.418 41.3464 327.033 279.178 37.6991 244.076 4.0194 
0.895213 285.508 93.3935 215.931 151.583 373.705 23.8656 324.747 327.811 367.507 118.241 318.402 226.653 390.891 
65.5498 392.745 151.724 153.506 38.804 31.5451 305.217 194.574 124.505 46.9692 191.992 165.852 374.002 71.1704 
203.551 218.078 75.1898 204.446 103.587 168.583 20.3773 255.169 142.289 44.2429 179.916 70.0992 11.7494 298.157 
388.501 238.402 289.048 54.0509 231.147 40.7723 207.557 269.951 72.3174 112.774 64.5248 196.823 159.743 256.517 

Matrix: C_CPU
269371 316478 232645 232516 165881 205995 256325 319594 269611 308808 246502 308630 271854 264216 
181770 219755 203047 182021 103940 167511 250559 214692 232271 247200 228522 195322 216919 140619 
351706 362441 296973 286373 194071 253390 324216 384122 342816 344870 352307 313707 306718 294091 
219540 270904 216472 182893 143906 174106 221008 268069 226699 183125 210199 188047 209047 216244 
225762 291932 303382 242046 175740 209763 292875 368284 260879 313450 283776 234497 297687 218181 
252812 285396 282195 293603 167158 225845 291077 353081 332033 317559 290612 303544 266085 245062 
312867 324468 291291 291887 179723 263261 323660 365957 374086 371271 357394 324762 310097 258617 
219076 279923 207478 178870 129756 140905 260625 239847 204506 220479 204185 236011 248270 168292 
227441 224369 228916 150157 120697 96873.3 238481 258448 139576 232462 208035 180678 233967 160692 
316736 349262 297665 294993 204419 221251 323115 397033 337848 343781 327719 361382 339915 245692 

Matrix: C_GPU
243518 316478 257768 232516 271795 205995 249109 319594 308925 308808 266631 308630 271854 264216 
204810 219755 244173 182021 152779 167511 254179 214692 254600 247200 252009 195322 216919 140619 
348545 362441 331721 286373 268847 253390 343432 384122 366945 344870 361982 313707 306718 294091 
264884 270904 266679 182893 203405 174106 256345 268069 248497 183125 232318 188047 209047 216244 
286502 291932 371682 242046 268588 209763 344919 368284 313629 313450 311314 234497 297687 218181 
235836 285396 312353 293603 302650 225845 344857 353081 332711 317559 276685 303544 266085 245062 
308785 324468 326919 291887 276231 263261 357017 365957 371299 371271 353143 324762 310097 258617 
240359 279923 267477 178870 197297 140905 254537 239847 266399 220479 237756 236011 248270 168292 
230898 224369 263735 150157 178006 96873.3 246870 258448 195629 232462 216677 180678 233967 160692 
318004 349262 361550 294993 333875 221251 370630 397033 375232 343781 321218 361382 339915 245692 

