Matrix: A
53.0649 83.9083 192.266 80.2689 178.239 169.893 148.13 48.495 35.2884 58.8804 
198.488 194.628 188.599 148.899 228.836 188.129 116.002 211.095 144.127 144.648 
27.7866 114.687 160.617 209.718 89.053 178.956 195.665 162.292 17.6061 89.7621 
14.173 70.6711 173.67 206.439 150.94 101.909 126.332 49.0696 150.404 161.621 
107.95 98.8922 106.249 46.5493 247.791 85.0847 234.678 113.793 46.1793 128.805 
8.44067 73.9659 243.492 169.058 33.6841 82.5452 98.014 229.349 244.837 115.62 
69.1112 9.01054 186.291 242.782 215.45 87.2312 94.6911 91.7821 136.301 245.096 
3.40292 244.251 93.9877 109.652 40.8001 91.7786 194.737 25.4782 205.571 240.916 
154.284 214.012 64.8817 147.776 133.07 98.5658 230.321 231.084 77.915 225.159 
96.7037 147.026 234.169 32.995 139.808 199.619 120.226 234.499 41.4009 6.52701 

Matrix: B
84.9039 134.253 307.626 128.43 285.183 271.829 237.007 77.5919 56.4614 94.2086 317.58 311.405 301.759 238.238 
366.137 301.006 185.603 337.751 230.604 231.437 44.4586 183.499 256.987 335.549 142.485 286.33 313.064 259.668 
28.1698 143.619 22.6769 113.074 277.873 330.303 241.504 163.055 202.132 78.5113 240.647 258.593 172.72 158.227 
169.998 74.4789 396.465 136.135 375.485 182.068 73.8868 206.089 13.5051 118.345 389.588 270.492 53.8946 132.072 
156.822 366.959 391.74 184.992 110.578 14.4169 298.066 388.451 344.719 139.57 151.506 146.851 218.081 392.153 
5.44467 390.801 150.38 175.443 65.2802 146.846 311.578 40.7652 328.914 385.465 246.854 342.419 103.811 236.442 
212.911 157.705 368.514 369.734 124.664 360.254 154.726 235.242 374.671 52.7919 223.693 319.39 192.362 375.198 
66.2415 10.4432 367.351 71.6862 1.24452 117.731 247.129 66.5247 264.577 158.708 107.29 193.491 144.173 354.144 
135.91 247.984 190.585 348.821 5.68884 159.099 318.555 130.353 119.353 73.2809 365.595 94.024 126.073 189.287 
13.4142 318.435 164.486 79.6557 328.878 131.837 151.342 330.123 249.568 398.471 396.647 114.145 157.179 103.937 

Matrix: C_CPU
123503 249141 252267 205847 186940 211933 229790 205680 269066 189679 249886 263064 185513 271072 
215859 383203 449984 327982 310504 327972 376990 316984 394734 328717 433936 412565 324515 442150 
155473 245056 328263 234156 233493 257125 237847 223251 296651 233085 306411 319905 198697 310298 
144048 267907 297546 234798 239275 228825 244485 253661 261008 213344 337433 264894 186762 269805 
161110 277833 340564 247677 205569 234136 258086 264481 322709 209743 283300 283538 234882 342124 
140016 230964 300532 244621 211638 259734 279680 213619 265228 206845 345062 277613 193746 291158 
138002 297718 355833 229854 287532 241439 288952 301734 287311 243804 394899 288249 212133 304767 
192225 305153 281698 296863 239797 260150 221597 256431 292056 269093 347066 276334 222978 277328 
217766 322563 435843 308298 291510 308458 294684 302026 370037 309758 391276 370667 294813 404004 
144105 256397 299628 230157 185094 253364 283046 193345 318533 226392 261103 318986 231827 341320 

Matrix: C_GPU
202347 249141 236253 205847 205425 211933 175724 205680 250934 189679 179150 263064 58088.1 271072 
311835 383203 420580 327982 350834 327972 266861 316984 392224 328717 315078 412565 112970 442150 
256348 245056 326245 234156 235298 257125 177518 223251 287426 233085 232331 319905 71434.7 310298 
201422 267907 283085 234798 218412 228825 186099 253661 263559 213344 237206 264894 65107.7 269805 
212215 277833 303576 247677 226625 234136 184334 264481 312814 209743 158017 283538 100472 342124 
265820 230964 319991 244621 220704 259734 202300 213619 302949 206845 285553 277613 48685.5 291158 
223839 297718 327884 229854 277370 241439 213571 301734 286748 243804 251701 288249 90678.3 304767 
173426 305153 286189 296863 133915 260150 181657 256431 310160 269093 221414 276334 82263.2 277328 
267053 322563 419223 308298 268025 308458 213200 302026 377766 309758 239910 370667 134216 404004 
283109 256397 300056 230157 254712 253364 200730 193345 315453 226392 219565 318986 55112.3 341320 

