Matrix: A
130.688 194.938 194.99 
102.654 137.353 149.898 
181.416 51.9014 151.947 

Matrix: B
209.101 311.902 311.985 164.247 219.765 239.838 
290.266 83.0422 243.115 311.373 210.24 215.817 
209.327 357.324 100.719 84.8945 121.714 112.903 

Matrix: C_CPU
124728 126625 107804 98717.3 93437.6 95429.9 
92711.8 96986.4 80516.7 72354.2 69681.7 71187.4 
84806 115188 84521 58857.2 69274.8 71866.9 

Matrix: C_GPU
120060 126625 129608 98717.3 104242 95429.9 
90699.2 96986.4 97319.5 72354.2 75848.9 71187.4 
93771 115188 101840 58857.2 52104.9 71866.9 

