Matrix: A
246.844 126.907 30.3886 19.4636 142.906 200.697 53.7512 165.262 236.916 230.385 
157.196 214.027 232.12 127.58 162.15 44.324 150.324 35.2052 163.618 161.651 
10.287 169.227 155.327 35.4483 133.466 180.136 200.103 114.545 83.1107 239.827 
87.1615 79.9544 116.734 117.55 99.4181 9.63977 68.2471 153.169 174.902 55.163 
133.555 82.0975 19.1897 115.675 209.677 181.339 159.999 110.001 216.544 73.617 
21.652 226.832 242.844 176.979 12.2798 126.31 107.115 212.383 240.855 190.226 
202.21 78.0168 20.1801 68.9438 195.567 119.598 78.5836 13.8139 22.7674 3.48526 
68.977 156.322 85.5827 88.1667 21.9968 45.2599 19.506 181.995 155.261 236.051 
5.61245 176.913 212.882 248.457 103.892 225.162 124.767 211.007 187.545 115.622 
151.233 139.754 193.639 171.413 208.698 139.206 41.0109 37.2816 153.02 63.7783 

Matrix: B
394.95 203.052 48.6218 31.1418 228.649 321.115 86.002 264.419 379.065 368.617 251.513 342.443 371.392 204.127 
259.439 70.9184 240.518 56.3283 261.789 258.642 16.4593 270.764 248.523 56.7172 213.546 288.217 320.165 183.272 
132.977 383.723 139.458 127.927 186.775 188.08 159.069 15.4236 109.195 245.071 279.843 88.2608 213.688 131.356 
30.7036 185.079 335.483 290.143 255.998 176.001 346.471 117.787 34.6432 362.93 388.551 283.167 19.6476 202.097 
171.384 339.812 385.369 304.361 323.535 124.827 32.2882 110.31 312.907 191.357 125.734 22.1023 36.4279 5.57642 
110.363 250.115 136.932 141.067 35.1949 72.4158 31.2096 291.193 248.417 377.681 8.97991 283.061 340.611 397.531 
166.227 360.259 199.627 337.611 300.071 184.996 241.972 223.607 309.823 274.26 333.917 222.73 65.6174 59.6506 
244.832 102.045 65.227 355.195 352.161 202.159 96.2619 387.356 274.575 127.472 278.548 122.992 105.152 287.528 
6.053 45.7636 285.059 172.28 6.02249 84.6866 109.891 306.094 269.683 351.863 129.701 179.505 226.124 63.6174 
2.2352 291.741 123.268 247.067 393.786 188.495 202.262 345.947 390.654 298.524 333.303 265.23 25.996 211.851 

Matrix: C_CPU
233041 287427 253290 270761 320098 260445 147321 404853 439598 403791 296520 325199 293215 276755 
220036 338362 301721 270649 344155 274649 195226 302173 367808 372585 355657 298317 254783 209856 
174811 328210 251528 287856 329585 224649 167678 319810 360207 328214 303803 267168 208310 234001 
142430 190427 199089 209084 222456 173221 133255 221327 235151 246851 236449 181473 153697 146847 
191102 278573 283275 282783 276489 211445 156388 317535 354721 365257 266119 267372 224609 212008 
192858 308969 298221 317516 346709 272128 221188 375621 363218 392632 382855 324032 268274 287016 
168210 195244 169790 145892 185515 154029 79370.4 170521 227178 223888 159820 175424 165453 131640 
139919 194615 186261 216860 267793 198262 141834 291920 285623 262214 268131 231699 173566 203282 
200501 341773 333118 350793 350907 264016 228220 365999 358729 420989 373686 326159 265363 306371 
195144 296572 287065 239452 275106 227534 159809 257077 308151 354732 281346 259817 243545 209476 

Matrix: C_GPU
233041 287427 253290 270761 320098 260445 147321 404853 439598 403791 296520 325199 293215 276755 
220036 338362 301721 270649 344155 274649 195226 302173 367808 372585 355657 298317 254783 209856 
174811 328210 251528 287856 329585 224649 167678 319810 360207 328214 303803 267168 208310 234001 
142430 190427 199089 209084 222456 173221 133255 221327 235151 246851 236449 181473 153697 146847 
191102 278573 283275 282783 276489 211445 156388 317535 354721 365257 266119 267372 224609 212008 
192858 308969 298221 317516 346709 272128 221188 375621 363218 392632 382855 324032 268274 287016 
168210 195244 169790 145892 185515 154029 79370.4 170521 227178 223888 159820 175424 165453 131640 
139919 194615 186261 216860 267793 198262 141834 291920 285623 262214 268131 231699 173566 203282 
200501 341773 333118 350793 350907 264016 228220 365999 358729 420989 373686 326159 265363 306371 
195144 296572 287065 239452 275106 227534 159809 257077 308151 354732 281346 259817 243545 209476 

