Matrix: A
33.98 213.239 86.4095 194.231 71.48 16.7331 98.2661 18.1575 11.657 63.4946 
16.065 142.883 11.3416 95.2709 99.1698 194.229 26.6535 244.197 115.981 95.5283 
133.268 159.237 192.784 63.4414 159.623 21.78 194.493 242.519 54.1523 198.675 
32.126 88.1324 161.914 118.535 32.3629 233.394 135.269 130.629 1.55196 146.926 
194.124 17.617 39.8088 205.465 112.888 138.979 149.695 139.541 133.175 15.6758 
235.07 16.4429 174.913 177.854 79.8843 84.536 199.634 24.3768 77.0553 3.78601 
223.052 109.181 91.9184 134.966 227.717 124.281 118.361 112.985 4.91036 119.913 
9.91087 199.034 137.53 49.7197 154.499 0.417732 188.698 54.1939 139.959 71.8736 
69.8697 125.029 88.3165 244.782 52.8825 168.201 79.3183 2.5162 192.578 156.374 
6.30221 165.63 15.555 98.2206 50.5961 243.272 222.502 168.957 106.257 227.412 

Matrix: B
54.368 341.183 138.255 310.769 114.368 26.773 157.226 29.052 18.6512 101.591 25.704 228.613 18.1466 152.433 
158.672 310.767 42.6456 390.715 185.57 152.845 213.228 254.779 308.454 101.506 255.397 34.848 311.188 388.031 
86.6437 317.88 51.4015 141.012 259.063 189.657 51.7807 373.431 216.43 209.007 2.48314 235.081 310.598 28.1871 
63.6941 328.744 180.621 222.366 239.511 223.266 213.08 25.0813 376.112 26.3086 279.86 284.566 127.815 135.258 
319.414 39.0029 123.289 6.05761 356.883 174.69 147.069 215.946 364.347 198.85 189.377 180.776 7.85657 191.861 
15.8574 318.454 220.048 79.5514 247.199 0.668371 301.917 86.7102 223.935 114.998 111.792 200.046 141.306 391.652 
84.612 269.121 126.909 4.02592 308.124 250.198 10.0835 265.007 24.888 157.153 80.9538 389.235 356.003 270.331 
170.011 363.86 62.1918 185.869 282.314 282.24 265.42 129.513 282.908 167.337 216.223 106.843 282.335 328.015 
306.889 23.6414 319.666 391.501 292.763 46.5756 395.527 200.887 296.773 5.61019 65.8944 321.661 162.763 146.848 
310.896 118.766 17.1794 80.9073 82.6256 79.3712 266.776 364.94 361.611 132.196 94.4523 244.519 299.533 310.675 

Matrix: C_CPU
113357 218167 84227.3 164486 186073 141047 139596 163249 221955 91345.7 143960 166517 182590 190856 
174416 260644 138358 198287 256515 151719 263548 178603 300999 121399 175713 192342 214605 300210 
240661 355715 131546 230758 332944 241934 249210 320717 341589 203626 185508 300215 330325 337077 
131156 305795 121592 149691 250762 159760 208556 220747 265379 144993 142306 237783 255983 282600 
150280 296637 181764 210198 285441 165411 234085 156792 255595 123360 156551 280875 187217 252095 
114590 294285 154315 186707 258519 156418 164661 178301 198343 128778 111896 283415 190644 194089 
188729 319401 145697 199317 293613 181338 227995 222705 299022 169466 174297 269883 213928 296610 
187035 213803 118341 183706 261203 169592 175380 248373 253983 131043 137654 225526 239248 230819 
181294 272251 181746 239983 267602 143669 272291 216108 324366 109185 165695 285280 230208 269914 
205108 321178 162863 202664 303360 185720 288715 267859 331533 155223 189794 291074 316141 385763 

Matrix: C_GPU
160539 218167 98973.2 164486 180048 141047 105105 163249 182531 91345.7 161654 166517 182590 190856 
133500 260644 179915 198287 193980 151719 163262 178603 275174 121399 177537 192342 214605 300210 
260988 355715 207114 230758 309439 241934 180885 320717 295695 203626 220114 300215 330325 337077 
166496 305795 153768 149691 217471 159760 164308 220747 229882 144993 153734 237783 255983 282600 
113468 296637 211756 210198 252610 165411 160644 156792 221499 123360 183506 280875 187217 252095 
148324 294285 177649 186707 272952 156418 132941 178301 143205 128778 157437 283415 190644 194089 
190619 319401 191476 199317 293423 181338 166716 222705 261164 169466 210289 269883 213928 296610 
218196 213803 149511 183706 270076 169592 103495 248373 179954 131043 152709 225526 239248 230819 
196661 272251 179644 239983 250524 143669 194786 216108 250560 109185 179197 285280 230208 269914 
186831 321178 183624 202664 273571 185720 197275 267859 298731 155223 207528 291074 316141 385763 

