Matrix: A
76.2944 43.0385 4.50125 
141.545 160.823 102.806 
86.2475 105.104 42.6112 

Matrix: B
122.071 68.8617 7.20201 226.472 257.316 164.489 
137.996 168.166 68.1779 12.6656 377.427 2.19174 
258.086 275.523 110.575 87.2198 20.1216 161.033 

Matrix: C_CPU
16414.2 13731.6 3981.47 18216.2 35966.3 13368.8 
66004.1 65117.3 23351.7 43059.5 99189.2 40190.2 
36029.6 35354.5 12498.6 24580.4 62719.4 21279 

Matrix: C_GPU
19117.4 13731.6 7638.72 18216.2 24778.8 13368.8 
55002.4 65117.3 27698.3 43059.5 70182 40190.2 
34871.1 35354.5 18003 24580.4 44319.9 21279 

