Matrix: A
84.4995 44.4411 217.984 160.524 154.01 166.319 180.55 182.519 177.16 79.6608 
3.64882 85.1474 202.26 215.477 247.779 85.1916 79.8973 164.56 185.563 36.7118 
0.497874 61.5224 0.859143 15.4411 166.799 22.9968 84.8016 215.933 39.2688 212.312 
52.0411 123.768 6.75298 20.0251 34.2922 160.763 186.344 214.842 93.2818 113.504 
44.5031 96.9306 198.652 246.763 62.4074 196.431 81.9549 142.305 110.991 17.5175 
179.017 111.489 79.0399 179.876 126.93 245.839 202.872 211.731 211.772 242.141 
174.043 13.8126 115.91 180.796 33.8377 150.202 91.559 220.182 115.044 184.841 
83.686 159.547 31.7713 32.3375 156.31 94.1788 228.768 238.265 236.484 89.759 
5.78263 165.5 201.248 84.8225 95.3758 78.1772 80.6612 48.2482 39.9085 42.4327 
40.3895 213.952 56.2454 156.299 144.748 90.0831 56.5008 236.307 60.265 171.545 

Matrix: B
135.199 71.1058 348.774 256.838 246.416 266.111 288.88 292.03 283.456 127.457 5.83811 136.236 323.616 344.763 
396.447 136.307 127.836 263.296 296.9 58.7389 0.796598 98.4359 1.37463 24.7057 266.878 36.7948 135.683 345.493 
62.8301 339.699 83.2657 198.029 10.8048 32.0402 54.8676 257.221 298.151 343.748 149.251 181.607 71.2049 155.089 
317.842 394.821 99.8519 314.289 131.128 227.688 177.585 28.0279 286.426 178.382 126.464 287.801 203.087 393.342 
324.596 338.77 338.835 387.426 278.469 22.1002 185.455 289.274 54.1404 240.323 146.494 352.291 184.07 295.745 
133.898 255.275 50.8341 51.74 250.096 150.686 366.029 381.224 378.374 143.614 9.2522 264.8 321.996 135.716 
152.601 125.084 129.058 77.1972 63.8536 67.8924 64.6232 342.323 89.9926 250.078 231.596 144.133 90.4012 378.091 
96.424 274.472 273.836 230.322 129.747 324.67 282.062 379.844 75.3561 248.091 361.068 53.7297 391.705 370.32 
318.53 313.701 106.036 71.1311 38.785 235.094 148.328 102.639 302.986 212.951 44.9613 392.979 63.0299 276.558 
137.112 153.431 254.649 233.536 27.9028 128.484 63.8573 157.65 53.1545 345.919 137.493 128.511 194.01 98.5611 

Matrix: C_CPU
278525 384602 242323 282476 186208 220497 248866 359453 294166 332048 215923 312918 277837 402255 
299481 390340 223200 297378 181599 187021 209067 286356 246588 295336 208581 310223 234437 377727 
162022 191955 195641 195818 113501 126816 128102 212424 69723.1 204604 171714 138324 185727 223898 
189978 212382 178002 172199 148584 169795 177988 273750 152611 205942 183916 162930 225160 288587 
245900 339387 165999 239275 169244 191175 214144 269750 273017 249074 175705 256052 240095 337925 
356689 418626 325014 345453 253879 300938 321313 428844 337121 382759 252461 359384 379343 491696 
222041 311157 240651 258125 162969 243884 246898 310042 263874 290283 182505 242987 295397 350449 
295708 310222 255911 255710 196855 217686 218047 337581 201738 280118 237655 262596 262987 409608 
182916 219452 123350 182656 124112 86884.4 101661 186240 146150 178602 143391 157493 135550 226149 
276665 302036 237427 290844 198807 194244 192696 270248 165472 250302 232238 209988 268248 355526 

Matrix: C_GPU
337462 384602 222369 282476 280167 220497 237760 359453 243231 332048 265202 312918 277837 402255 
327653 390340 206706 297378 270936 187021 214539 286356 225949 295336 270657 310223 234437 377727 
150100 191955 149043 195818 172999 126816 128809 212424 121233 204604 169601 138324 185727 223898 
202098 212382 162668 172199 230282 169795 175444 273750 162883 205942 170952 162930 225160 288587 
308822 339387 156909 239275 261722 191175 201817 269750 225751 249074 209088 256052 240095 337925 
395237 418626 320016 345453 355023 300938 315604 428844 316523 382759 302398 359384 379343 491696 
266699 311157 211448 258125 240940 243884 230466 310042 225900 290283 192538 242987 295397 350449 
276628 310222 259748 255710 289570 217686 240324 337581 206460 280118 258159 262596 262987 409608 
214543 219452 127241 182656 171824 86884.4 108490 186240 129490 178602 178015 157493 135550 226149 
269558 302036 211465 290844 287983 194244 204205 270248 212329 250302 240643 209988 268248 355526 

