Matrix: A
230.056 68.186 16.8918 
156.917 39.5409 9.4469 
154.086 57.9545 48.2389 

Matrix: B
368.09 109.098 27.027 251.067 63.2654 15.115 
246.538 92.7272 77.1823 168.708 16.648 156.058 
269.046 102.229 81.4904 0.998057 177.016 388.378 

Matrix: C_CPU
106036 33148.1 12857 69279.9 18679.9 20678.7 
70049.5 21751.5 8062.67 46076.9 12257.9 12211.4 
83984.1 27115.8 12568.6 48511.5 19252.2 30108.2 

Matrix: C_GPU
104650 33148.1 9884.46 69279.9 31293.2 20678.7 
69280.7 21751.5 6312.91 46076.9 20264.9 12211.4 
79406.4 27115.8 12568.5 48511.5 28751.7 30108.2 

