Matrix: A
178.669 47.0956 98.2727 108.165 113.422 8.0841 
23.5871 211.879 242.772 56.3421 140.788 226.347 
136.588 5.66462 95.4001 197.204 194.775 74.8695 
150.031 155.474 192.655 214.375 93.2004 99.4694 
31.153 12.0919 32.7424 95.4513 184.482 200.832 
152.75 113.151 247.928 1.02257 221.316 111.349 

Matrix: B
285.87 75.3529 157.236 173.064 181.475 12.9346 37.7393 339.007 388.435 90.1474 225.261 362.155 
218.54 9.06339 152.64 315.526 311.64 119.791 240.05 248.758 308.249 343 149.121 159.151 
49.8448 19.347 52.3878 152.722 295.171 321.331 244.4 181.041 396.684 1.63612 354.105 178.159 
14.5707 391.844 117.166 3.00597 81.9916 342.427 365.161 300.532 351.49 117.802 216.058 263.13 
237.593 56.1076 111.889 145.841 399.108 261.01 304.992 48.9526 280.357 357.38 201.675 175.528 
278.712 46.0745 356.569 275.396 47.7106 310.674 53.5551 62.2813 302.518 170.721 65.2873 384.509 

Matrix: C_CPU
97043.9 64911.4 68676.6 79882.4 130630 108685 116589 128639 195165 87077.9 128841 141188 
162505 48800.1 151831 191049 213578 230057 186720 142576 298526 170792 178220 212085 
115057 103840 98933.8 89613.2 152189 174726 165256 138448 239216 120034 152171 182231 
139460 110256 128428 146074 192065 211108 202103 199600 314197 142711 196808 224417 
114377 60096.7 111895 96707.7 110123 155603 113957 69721.9 174843 118470 91355.1 153760 
164385 35280.9 118864 162947 229889 187906 167356 142892 288653 151210 191199 199429 

Matrix: C_GPU
97043.9 64911.4 68676.6 79882.4 130630 108685 116589 0 0 0 0 0 
162505 48800.1 151831 191049 213578 230057 186720 0 0 0 0 0 
115057 103840 98933.8 89613.2 152189 174726 165256 0 0 0 0 0 
139460 110256 128428 146074 192065 211108 202103 0 0 0 0 0 
114377 60096.7 111895 96707.7 110123 155603 113957 0 0 0 0 0 
164385 35280.9 118864 162947 229889 187906 167356 0 0 0 0 0 

