Matrix: A
158.533 111.116 151.129 
195.247 92.6837 197.274 
40.7515 243.656 51.5013 

Matrix: B
253.652 177.786 241.807 312.395 148.294 315.638 
65.2024 389.849 82.4021 73.5376 243.426 301.059 
273.824 74.4321 355.027 399.214 194.172 154.796 

Matrix: C_CPU
88840.1 82752.2 101145 118029 79903.1 106886 
109586 85528.2 124887 146564 89820.6 120068 
40325.9 106067 48216.1 51208.4 75355.6 94189.6 

Matrix: C_GPU
86038 82752.2 118906 118029 99419.6 106886 
92985.7 85528.2 135857 146564 121320 120068 
90240.8 106067 102266 51208.4 44022.9 94189.6 

