Matrix: A
146.1 223.22 5.9833 
94.4242 108.322 91.6498 
232.934 78.1156 88.0327 

Matrix: B
233.76 357.153 9.57328 151.079 173.315 146.64 
372.695 124.985 140.852 102.779 350.595 291.203 
161.259 0.00703055 261.176 33.8904 52.0854 199.515 

Matrix: C_CPU
118310 80079.3 34402.5 45217.7 103893 87620.3 
77223 47263.1 40098.1 28504.7 59115.8 63675.5 
97760.2 92957 36224.8 46203.5 72343.2 74468.7 

Matrix: C_GPU
68627.7 80079.3 45217.7 87620.3 18261.9 22581 
64645.6 47263.1 28504.7 63675.5 11802.4 13375.9 
91541.1 92957 46203.5 74468.7 29113.8 26588.1 

