Matrix: A
56.1275 128.415 89.6703 
169.164 226.92 109.389 
27.8373 118.255 172.244 

Matrix: B
89.804 205.464 143.473 270.662 363.071 175.022 
44.5398 189.208 275.591 208.066 89.1686 19.0746 
27.8653 393.374 40.2116 40.0027 207.809 199.899 

Matrix: C_CPU
13258.7 71103.2 47048.5 45497.4 50463.2 30198 
28346.7 120723 91206.1 97376.4 104385 55802.6 
12566.6 95850.9 43510.2 39029.7 56445.6 41559.3 

Matrix: C_GPU
58454.8 71103.2 32238.6 45497.4 79769.1 30198 
99370.3 120723 66072.9 97376.4 144004 55802.6 
70345.4 95850.9 27976.7 39029.7 87579.6 41559.3 

