Matrix: A
156.396 103.758 192.14 19.2996 176.609 58.6846 
19.1087 18.8881 115.863 4.28367 152.9 95.945 
58.4046 52.6895 144.886 19.2767 3.58354 98.8774 
213.557 23.1088 104.531 25.3932 174.915 20.1543 
64.7201 150.965 116.093 165.438 63.8648 29.9003 
183.246 220.261 133.659 125.387 239.56 60.2677 

Matrix: B
250.234 166.013 307.425 30.8794 282.575 93.8954 30.5739 30.2209 185.381 6.85387 244.64 153.512 
93.4473 84.3032 231.818 30.8426 5.73366 158.204 341.691 36.9741 167.249 40.6291 279.864 32.2468 
103.552 241.544 185.749 264.701 102.184 47.8405 293.194 352.417 213.854 200.619 383.297 96.4284 
294.514 13.8706 126.649 79.8953 20.7245 371.289 233.407 114.172 55.5924 65.225 145.014 61.326 
223.429 86.7051 98.3001 390.678 127.334 378.164 22.9251 230.886 219.708 208.674 95.5878 321.892 
256.515 388.782 274.309 70.3685 189.4 257.606 166.797 83.9145 271.477 293.446 163.81 292.201 

Matrix: C_CPU
128925 119517 143726 133558 98425.3 129362 114911 124181 143243 99167.8 170239 121063 
78579.7 83369 73665.8 98670.2 55077.4 94453.1 61516.9 85950.8 91357.6 84483.1 85324.1 92230.2 
66383.2 88154 86998.5 51678.1 51194 54734.8 83342.8 66099.1 79325.7 62628.2 103903 55863.8 
118153 86004.1 116365 106759 97775.7 109475 58371.7 89122.8 111122 67444.2 122482 107359 
112987 70969.7 111890 77657.1 48240.6 128794 132666 84593.9 93419.6 62759.4 137575 65438.3 
186190 127216 188183 155681 111219 211120 164862 135470 175358 112873 208658 150534 

Matrix: C_GPU
128925 119517 143726 133558 98425.3 129362 114911 124181 143243 99167.8 170239 121063 
78579.7 83369 73665.8 98670.2 55077.4 94453.1 61516.9 85950.8 91357.6 84483.1 85324.1 92230.2 
66383.2 88154 86998.5 51678.1 51194 54734.8 83342.8 66099.1 79325.7 62628.2 103903 55863.8 
118153 86004.1 116365 106759 97775.7 109475 58371.7 89122.8 111122 67444.2 122482 107359 
112987 70969.7 111890 77657.1 48240.6 128794 132666 84593.9 93419.6 62759.4 137575 65438.3 
186190 127216 188183 155681 111219 211120 164862 135470 175358 112873 208658 150534 

