Matrix: A
18.646 212.375 209.355 
162.964 60.6948 32.7637 
57.783 100.982 154.144 

Matrix: B
29.8335 339.8 334.968 260.743 97.1116 52.4219 
92.4529 161.571 246.631 303.588 345.159 253.843 
322.138 188.043 165.604 378.237 18.0464 215.513 

Matrix: C_CPU
87632.2 80017.3 93294 148522 78891.9 100006 
21027.7 71342.7 74982.8 73310.4 37366.3 31010.8 
60715.7 64936.2 69787.6 104026 43248 61882.7 

Matrix: C_GPU
119489 80017.3 70522.3 148522 46726.4 100006 
30634.2 71342.7 66086.4 73310.4 38334.8 31010.8 
74850.6 64936.2 63777.6 104026 31106.8 61882.7 

