Matrix: A
186.846 53.7222 56.2712 193.153 172.83 229.441 
39.3985 161.182 218.845 185.699 115.803 237.074 
177.196 231.668 174.217 44.05 70.3449 230.256 
236.879 163.578 80.0066 131.842 36.2448 249.639 
75.3818 224.893 74.9055 178.199 87.584 97.5657 
118.173 24.4298 151.288 174.444 217.583 74.1182 

Matrix: B
298.953 85.9555 90.0339 309.045 276.528 367.105 63.0376 257.892 350.152 297.119 185.285 379.318 
283.513 370.669 278.747 70.48 112.552 368.41 379.006 261.725 128.011 210.946 57.9917 399.422 
120.611 359.829 119.849 285.118 140.134 156.105 189.077 39.0876 242.061 279.111 348.133 118.589 
246.216 11.1703 376.481 196.368 308.289 161.765 175.687 191.802 132.434 54.4334 262.282 244.986 
22.843 241.288 106.711 150.854 52.2347 164.703 150.275 172.846 124.532 270.124 57.9638 264.666 
26.2294 247.041 303.754 268.29 126.152 251.887 386.879 372.369 263.057 363.36 168.737 171.346 

Matrix: C_CPU
135400 156762 199396 203132 163119 214672 191451 216803 193381 223123 156719 231381 
138456 230462 228986 203472 152909 216836 246697 204813 188780 234322 188255 222042 
158159 238139 195442 201799 145790 254305 239305 219488 209037 255209 161401 249270 
166679 181672 205845 205879 169157 249890 217246 231539 210893 234894 160033 249344 
143765 164020 184523 134885 128474 190046 186366 166876 133487 159555 121364 210858 
110367 146410 146988 168341 131123 158724 137333 141450 150822 177693 146853 185547 

Matrix: C_GPU
135400 156762 199396 203132 163119 214672 191451 0 0 0 0 0 
138456 230462 228986 203472 152909 216836 246697 0 0 0 0 0 
158159 238139 195442 201799 145790 254305 239305 0 0 0 0 0 
166679 181672 205845 205879 169157 249890 217246 0 0 0 0 0 
143765 164020 184523 134885 128474 190046 186366 0 0 0 0 0 
110367 146410 146988 168341 131123 158724 137333 0 0 0 0 0 

