Matrix: A
103.046 170.083 192.231 
111.888 201.726 101.029 
26.0218 84.4582 40.84 

Matrix: B
164.874 272.133 307.57 179.021 322.761 161.647 
41.6348 135.133 65.3439 10.3792 28.8114 99.4748 
204.26 122.325 241.146 29.3479 163.242 153.343 

Matrix: C_CPU
63336.2 74540.8 89163.6 25854.4 69539.8 63053.3 
47482.6 70066.7 71957.8 25089.2 58417.4 53645.1 
16148.7 23490.2 23370.7 6733.63 17499 18870.3 

Matrix: C_GPU
49433.3 74540.8 78309.5 25854.4 66110.6 63053.3 
55609.3 70066.7 77071.7 25089.2 56288.2 53645.1 
19834 23490.2 25718.5 6733.63 20514.6 18870.3 

