Matrix: A
41.8469 87.8763 0.977487 82.4615 89.2898 188.304 170.641 233.187 235.858 116.998 
49.0039 169.699 157.247 155.219 167.657 123.666 225.361 166.402 47.1089 248.664 
94.2947 36.3112 153.272 28.0379 127.608 247.744 120.342 119.211 175.935 106.041 
236.541 217.782 193.917 237.518 50.2432 33.2068 175.822 220.884 16.3941 161.68 
87.8815 65.398 81.3793 245.129 220.617 249.036 118.795 195.979 165.438 165.904 
194.643 9.73267 202.215 97.9143 37.7706 79.8229 95.6587 158.113 199.034 21.5934 
14.1535 185.575 239.375 208.071 173.093 39.6182 241.277 98.9154 10.5021 7.67142 
10.5956 98.3836 73.0694 91.9749 93.5122 43.6866 91.011 212.307 239.665 6.44894 
128.211 184.308 16.1816 80.4255 32.2221 53.9522 160.248 127.881 212.065 109.283 
149.474 226.218 44.8574 138.849 184.289 217.951 178.467 175.566 66.866 188.97 

Matrix: B
66.9551 140.602 1.56398 131.938 142.864 301.286 273.025 373.1 377.373 187.196 78.4062 271.519 251.596 248.351 
268.251 197.866 360.578 266.243 75.3743 397.862 150.872 58.0979 245.235 44.8606 204.173 396.391 192.547 190.738 
281.496 169.665 378.465 348.451 310.267 380.029 80.3891 53.1309 281.316 353.414 26.2305 258.688 140.61 104.637 
130.207 392.206 352.988 398.458 190.072 313.566 264.701 265.446 311.428 15.5723 323.544 156.663 60.4329 127.717 
153.054 252.98 318.455 34.5494 22.6456 296.92 383 332.913 276.949 63.3891 386.044 158.265 16.8034 12.2743 
16.953 157.414 116.911 147.16 149.62 69.8986 145.618 339.691 383.464 10.3183 205.137 294.893 25.8906 128.681 
51.5554 86.3235 256.397 204.609 339.304 174.852 239.159 361.949 71.7719 222.159 294.862 348.721 285.548 280.906 
106.986 302.351 293.18 123.939 59.765 10.0913 271.098 209.385 79.9899 16.716 149.076 63.4542 27.0343 354.213 
358.347 52.9249 82.8934 9.90215 139.248 339.291 214.511 78.5522 114.143 53.6701 40.5016 185.915 275.829 335.364 
134.636 161.377 216.27 241.621 63.728 109.45 365.56 123.493 119.541 236.658 332.877 199.531 253.374 81.9531 

Matrix: C_CPU
188262 224608 268651 187332 170909 238493 305599 279915 232042 103163 254603 270525 188676 282334 
220817 302293 407670 319563 229200 333420 374946 326343 311126 200905 358866 356092 227363 257212 
182862 201581 254070 194317 188263 258647 273519 274950 277611 147796 223663 280690 175502 227133 
228363 329266 402176 360604 247071 379555 364529 333406 349328 211704 310409 366307 246435 302178 
224953 335296 377926 289627 217212 340239 403725 381538 367950 146326 364112 335316 198002 280742 
188527 194206 228319 197158 193689 275075 239205 235642 249101 152768 152214 238577 179857 245991 
200186 263484 384125 292988 229405 336064 267822 264909 273465 167829 276415 304900 165871 204719 
188856 185733 237339 148227 135089 229841 223223 180955 171617 78188.3 167993 193922 139612 229230 
191548 186785 237533 189867 159828 269887 264031 224738 211793 116822 208917 270893 212218 256685 
210686 311298 375603 293944 207899 341924 391321 373486 359434 160968 364269 380563 226634 283237 

Matrix: C_GPU
168971 224608 252156 187332 190817 238493 202401 279915 232027 103163 206083 270525 188676 282334 
243808 302293 398980 319563 270790 333420 286291 326343 327995 200905 294923 356092 227363 257212 
181646 201581 271948 194317 210573 258647 161501 274950 248180 147796 191917 280690 175502 227133 
226353 329266 371427 360604 294321 379555 330306 333406 422373 211704 242001 366307 246435 302178 
253672 335296 384143 289627 267635 340239 259357 381538 340693 146326 320544 335316 198002 280742 
163570 194206 212649 197158 211946 275075 164826 235642 282509 152768 126630 238577 179857 245991 
221608 263484 371581 292988 274506 336064 192283 264909 302195 167829 214424 304900 165871 204719 
162594 185733 197760 148227 158522 229841 128455 180955 206430 78188.3 126693 193922 139612 229230 
137809 186785 205902 189867 186864 269887 205672 224738 226090 116822 155019 270893 212218 256685 
229691 311298 375750 293944 263226 341924 290492 373486 343083 160968 292187 380563 226634 283237 

