Matrix: A
58.3749 92.1587 6.42815 97.3648 105.474 56.6385 191.658 142.353 150.717 38.1012 
159.498 193.756 95.617 222.851 213.155 72.4117 83.1706 33.1641 80.4156 17.7492 
0.572894 159.041 65.6871 6.84873 27.7254 34.3547 30.1499 248.254 116.326 226.755 
194.717 174.701 68.914 201.145 22.0657 174.389 7.78341 213.724 66.742 158.501 
1.82496 226.24 102.257 97.442 199.09 65.4118 169.854 32.2611 98.576 0.269209 
50.0103 99.1489 159.31 115.697 105.998 187.036 150.052 136.148 185.29 16.378 
112.903 130.007 191.079 181.817 81.1515 213.145 106.205 88.9349 176.868 172.947 
247.436 178.693 149.187 99.6925 26.1352 98.2775 165.104 195.989 130.539 13.6803 
196.258 180.549 112.829 105.568 46.2463 218.827 42.6042 196.298 104.974 227.894 
212.676 217.877 107.901 153.755 149.694 189.052 116.9 5.89948 27.9869 43.7682 

Matrix: B
93.3999 147.454 10.285 155.784 168.759 90.6216 306.653 227.766 241.148 60.9619 255.196 310.01 152.987 356.561 
341.048 115.859 133.073 53.0626 128.665 28.3988 0.916631 254.466 105.099 10.958 44.3606 54.9675 48.2399 397.206 
186.121 362.809 311.547 279.521 110.262 321.832 35.305 279.022 12.4535 341.958 106.787 253.601 2.91994 361.983 
163.611 155.907 318.545 104.659 271.766 51.6177 157.722 0.430735 80.0165 158.638 254.897 185.116 169.596 299.257 
240.083 217.836 296.464 26.2049 180.645 208.011 305.726 290.907 129.842 341.031 169.929 142.296 282.989 276.716 
395.897 285.909 238.699 159.508 41.8163 157.244 264.167 313.582 208.862 21.8885 314.013 288.878 180.527 168.91 
73.9941 350.123 68.1668 314.078 167.959 364.63 340.282 348.603 172.641 246.009 239.51 302.483 187.04 9.43917 
44.7791 70.0291 286.155 40.6762 355.938 124.854 200.184 397.755 282.098 64.3511 311.337 90.9602 86.2396 225.35 
379.838 266.766 394.259 53.8326 216.889 62.426 367.91 384.848 27.0564 308.192 333.451 199.697 154.201 172.962 
102.181 341.241 182.401 146.96 11.2701 68.5561 187.636 367.208 193.41 387.82 364.963 75.5088 52.1713 276.3 

Matrix: C_CPU
183452 206247 210842 117468 186278 145526 237092 282455 141851 176959 234584 178083 143334 198122 
255075 241489 258780 136723 207901 158661 239765 276773 149972 208435 238810 222420 176957 333419 
168600 195624 220554 92966 157321 102028 166573 315059 151236 182717 237519 112768 79977.3 241680 
249534 249564 275875 146337 222521 131735 246570 340836 215654 178309 323087 225287 148706 363096 
237482 228961 227383 126727 167268 168362 198467 275068 113944 196690 184325 178216 145933 248828 
275814 288353 301493 167350 211209 200452 270672 354393 159043 226341 286497 247897 165515 279099 
320755 357612 344811 204963 219637 207927 302746 406610 194532 288265 357271 285977 180211 373352 
245288 271673 257065 185389 243079 195306 276993 372691 202174 193703 296800 269797 157581 338956 
291016 314324 302800 179366 217348 170923 288104 421260 237512 233681 363120 257631 162533 389648 
274210 270126 231955 169917 180852 177098 248653 306827 177823 186568 254597 254439 174902 340167 

Matrix: C_GPU
117519 206247 148114 117468 178728 145526 192080 282455 175602 176959 301714 178083 63278.8 198122 
132477 241489 150007 136723 243947 158661 200393 276773 206516 208435 331928 222420 78678 333419 
141341 195624 175503 92966 169433 102028 149151 315059 198358 182717 219332 112768 18718.5 241680 
175460 249564 236983 146337 222994 131735 255075 340836 252615 178309 333450 225287 73627.6 363096 
106072 228961 114046 126727 216333 168362 156860 275068 178258 196690 298674 178216 48588.4 248828 
126569 288353 181249 167350 209677 200452 221524 354393 194157 226341 356896 247897 56193 279099 
145420 357612 218108 204963 222561 207927 260732 406610 232708 288265 366126 285977 76995.7 373352 
160966 271673 178035 185389 235405 195306 257155 372691 252372 193703 381437 269797 86356.8 338956 
172652 314324 232273 179366 224170 170923 283345 421260 278005 233681 353789 257631 67787.2 389648 
121422 270126 142623 169917 215614 177098 243397 306827 224654 186568 335569 254439 82761.5 340167 

