Matrix: A
206.166 123.647 99.7827 
167.812 33.6193 200.65 
236.353 128.418 149.858 

Matrix: B
329.866 197.836 159.652 268.499 53.7909 321.041 
378.165 205.468 239.773 28.7033 176.196 106.166 
335.927 383.475 244.908 255.353 70.1133 153.796 

Matrix: C_CPU
148286 104457 86999.8 84384.2 39872.1 94661.1 
135473 117051 83993.6 97258.9 29018.6 88303 
176869 130612 105227 105413 45847.4 112560 

Matrix: C_GPU
148286 104457 86999.8 84384.2 39872.1 94661.1 
135473 117051 83993.6 97258.9 29018.6 88303 
176869 130612 105227 105413 45847.4 112560 

