Matrix: A
187.512 134.571 162.292 
103.701 218.011 222.145 
130.152 81.8568 127.881 

Matrix: B
300.02 215.314 259.666 165.921 348.818 355.432 
208.244 130.971 204.609 357.912 190.775 397.105 
284.403 162.434 253.219 333.639 209.173 178.82 

Matrix: C_CPU
130437 84360.6 117320 133424 125027 149108 
139690 86965.3 127786 169351 124231 163156 
92464 59516.6 82926.6 93558.5 87764.9 101634 

Matrix: C_GPU
136672 84360.6 160968 133424 80364.5 149108 
146793 86965.3 192631 169351 95460.9 163156 
98400 59516.6 113673 93558.5 57091.6 101634 

