Matrix: A
57.954 188.653 102.57 
108.023 73.7402 198.734 
241.193 174.078 183.041 

Matrix: B
92.7264 301.845 164.111 172.837 117.984 317.974 
385.908 278.525 292.866 82.9427 337.389 289.318 
36.0204 72.0362 98.882 358.325 391.548 97.3703 

Matrix: C_CPU
81871.3 77426.6 74903.4 62417.3 110648 82996 
45632 67460.9 58975.1 95998 115438 75033.8 
96136.4 134474 108664 121714 158858 144880 

Matrix: C_GPU
81871.3 77426.6 74903.4 62417.3 110648 82996 
45632 67460.9 58975.1 95998 115438 75033.8 
96136.4 134474 108664 121714 158858 144880 

