Matrix: A
162.825 139.67 74.7702 128.61 133.585 140.995 214.775 69.7399 6.3536 183.803 
117.565 89.6364 4.47953 4.67327 220.199 187.418 122.037 155.464 136.116 163.583 
148.573 49.5949 200.543 92.5644 86.816 165.97 77.0544 104.482 140.27 72.9369 
243.786 53.095 212.607 68.5563 181.705 96.1924 209.551 146.48 165.932 215.905 
80.2836 33.4974 55.541 84.7631 38.1706 25.7402 22.1807 160.207 181.204 158.296 
73.7905 79.7765 207.891 24.3338 172.341 44.7073 190.304 249.395 149.189 80.5746 
72.3323 142.976 133.67 34.9394 211.532 65.375 131.132 171.083 211.855 47.0641 
136.987 42.1388 80.5614 192.529 126.902 118.732 218.269 149.083 28.9392 149.473 
57.3789 102.73 229.249 15.2702 127.064 151.59 59.9776 67.3677 150.985 209.167 
147.942 223.318 102.143 31.6119 8.25706 63.6745 96.9869 139.389 234.757 58.8421 

Matrix: B
260.519 223.472 119.632 205.777 213.736 225.591 343.64 111.584 10.1658 294.085 188.104 143.418 7.16725 7.47724 
352.319 299.868 195.258 248.742 217.785 261.733 237.716 79.3519 320.869 148.103 138.906 265.553 123.287 167.171 
224.433 116.699 390.058 84.952 340.171 109.69 290.729 153.908 335.282 234.368 265.492 345.447 128.454 53.5958 
88.8657 135.621 61.073 41.1844 35.4891 256.331 289.926 253.274 118.065 127.642 332.626 38.9341 275.745 71.5317 
304.487 399.033 238.703 128.919 115.732 228.761 213.871 55.9031 338.451 104.6 209.811 273.733 338.968 75.3025 
219.18 67.422 128.898 308.046 203.043 189.971 349.23 238.532 46.3027 239.156 91.8063 164.367 366.799 24.4324 
203.302 242.544 95.9641 107.788 241.577 334.667 236.708 357.308 163.428 50.579 13.2113 101.879 155.179 223.022 
375.612 94.1473 298.325 194.792 161.569 27.2231 102.837 364.612 217.194 52.0674 203.144 263.497 291.224 294.951 
27.8646 258.022 319.383 231.166 100.566 15.3473 338.955 342.143 350.014 175.662 299.451 113.443 226.241 312.662 
215.322 381.42 135.684 190.933 75.5675 34.0092 385.725 237.137 61.2323 88.5626 201.749 278.427 140.63 4.89368 

Matrix: C_CPU
301029 297652 202216 213848 216987 251926 357052 262362 202191 182091 209620 243174 241377 122633 
293975 296561 234078 239319 190526 190375 331021 264770 226584 170016 207672 247859 275155 154028 
246749 222401 246712 201086 212921 176877 329178 250182 221507 199065 231282 230005 233147 129580 
361170 373282 328520 268016 286277 253635 454728 350858 302205 246643 305209 329610 294463 185907 
173798 190525 184690 151622 117428 88269.3 237631 215781 165842 117870 192103 166680 170948 128374 
312297 278621 305126 208646 241111 189994 316630 302103 301743 170018 242621 283516 265840 203882 
288016 288718 287434 216072 215246 191562 314504 269137 305797 172919 240382 260103 265354 197808 
283750 268859 208339 194175 202509 234340 339399 292900 200436 168776 226566 226835 261035 141046 
262608 273003 269602 214969 215011 158095 348313 244221 252325 188899 233472 274223 237909 125731 
250710 243485 247106 219759 204014 166974 306350 253357 248778 179260 215827 219386 193615 184782 

Matrix: C_GPU
216862 297652 213971 213848 218368 251926 302783 262362 155656 182091 210339 243174 95807.6 122633 
187138 296561 224702 239319 167294 190375 223425 264770 157333 170016 232753 247859 44073.5 154028 
201949 222401 203402 201086 243367 176877 209582 250182 186283 199065 219632 230005 48803.4 129580 
290500 373282 272501 268016 284972 253635 332939 350858 214164 246643 316179 329610 83531.9 185907 
145206 190525 134703 151622 150148 88269.3 161652 215781 116295 117870 159641 166680 49651.7 128374 
214356 278621 253847 208646 229833 189994 209845 302103 189972 170018 319292 283516 48101.2 203882 
198261 288718 229197 216072 203118 191562 199546 269137 184559 172919 291432 260103 37120.3 197808 
200306 268859 210336 194175 244816 234340 274203 292900 156639 168776 229934 226835 108962 141046 
213148 273003 219015 214969 190831 158095 226531 244221 193697 188899 216438 274223 43344.4 125731 
214402 243485 183756 219759 199975 166974 213448 253357 177652 179260 236162 219386 33102.5 184782 

