Matrix: A
47.3614 217.955 72.6163 15.9729 204.1 49.8701 21.7452 195.268 190.054 209.22 
235.705 154.224 190.888 133.748 173.677 180.176 223.69 25.6787 123.471 101.96 
247.44 33.5435 64.2888 185.969 78.7698 72.7627 142.531 124.188 186.65 54.5498 
79.5606 234.012 22.505 152.177 249.985 226.605 202.047 21.7298 171.873 142.101 
230.95 157.578 46.3249 171.837 41.3253 220.002 102.014 15.0154 245.68 225.485 
116.976 243.12 9.02857 181.264 179.09 87.7983 4.02699 71.6209 211.986 190.677 
126.171 41.5469 174.689 148.676 193.724 174.674 125.281 145.771 196.403 47.1539 
37.8714 177.353 204.732 84.1963 99.1905 246.057 54.1982 201.204 11.0723 49.8786 
176.689 128.048 42.9989 185.718 59.3122 222.089 23.5163 63.3392 43.7095 235.503 
4.01647 169.88 27.0494 178.705 68.556 220.773 103.379 193.837 116.544 49.7824 

Matrix: B
75.7782 348.728 116.186 25.5566 326.56 79.7921 34.7924 312.428 304.086 334.752 377.128 246.759 305.42 213.996 
277.883 288.282 357.904 41.0858 197.554 163.136 395.904 53.6696 102.862 297.551 126.032 116.42 228.05 198.701 
298.64 87.2798 127.297 374.419 36.008 243.483 399.975 362.568 323.275 34.7677 274.997 227.361 369.519 252.124 
74.1199 274.94 66.1204 352.003 163.222 24.0247 393.089 360.776 187.161 388.992 14.4457 290.023 286.543 140.477 
6.44319 114.593 339.178 305.084 201.873 66.475 279.502 237.881 309.958 279.478 200.45 233.233 314.245 75.4462 
60.5943 283.765 327.571 134.714 158.705 393.691 86.7171 321.927 17.7157 79.8058 282.703 204.877 68.7983 297.149 
94.8995 355.342 37.6261 101.343 69.9351 376.804 6.42635 271.808 43.2791 285.929 109.69 353.237 165.406 310.139 
186.47 79.6519 385.585 247.065 363.417 313.156 381.779 122.122 306.847 68.4958 44.0486 324.563 148.302 326.752 
129.439 217.1 223.9 224.339 172.442 261.527 325.681 242.377 238.331 332.108 114.185 281.61 218.036 223.875 
234.847 383.443 134.014 21.3173 63.0947 119.599 268.382 26.5115 32.7549 250.161 148.633 339.602 318.656 192.682 

Matrix: C_CPU
203572 272383 326074 209506 231321 234670 377368 204560 240439 285516 184326 311654 303812 257622 
205618 398553 293281 267057 252500 312951 341169 395265 281632 378604 303424 392475 383214 339696 
139626 304352 214136 219231 238277 227154 272788 312265 250533 320103 204794 328536 290098 266594 
183244 397287 338450 247866 244920 304371 357464 335892 226549 396079 245922 375940 343132 312392 
198693 421662 281427 206424 248706 283263 334043 335145 225242 389956 266076 377085 345471 320036 
184985 333213 304027 216354 241124 204210 380439 255407 233408 363541 196719 320670 327034 249531 
171695 300714 295737 299083 245377 294456 351523 361648 288585 309416 240816 362665 328246 306245 
190893 243356 302533 236706 209561 279582 329734 272073 215163 198111 207081 279010 257001 282031 
164425 336355 243633 172121 209137 209589 284654 261238 176463 289778 217318 302631 284047 253804 
155386 268937 283495 216345 214804 266475 312753 253372 179406 253122 149685 289124 225022 268395 

Matrix: C_GPU
176525 319341 170928 217810 266570 231551 377368 204560 240439 237974 187447 95052 89308.1 59435.9 
218887 476262 181576 324819 306885 312386 341169 395265 281632 321512 195879 210594 179804 158249 
132080 338550 146328 237370 240775 201199 272788 312265 250533 262929 176504 183866 169820 133791 
256996 450111 135511 323517 319225 347311 357464 335892 226549 325845 167420 183395 146606 128446 
202639 470371 157371 276985 277874 292608 334043 335145 225242 292183 178467 219436 208502 148647 
180162 370924 130322 259631 287393 241748 380439 255407 233408 295937 174913 147612 149093 88484.8 
203572 373837 192732 340758 274611 254062 351523 361648 288585 239998 151795 134521 116885 95825.8 
189723 318663 219827 237670 249805 213359 329734 272073 215163 189274 143145 69847.6 60551.5 46351.7 
204340 372701 157296 201254 243613 195040 284654 261238 176463 263608 162278 185746 186115 116570 
171643 306358 165674 225560 239548 229374 312753 253372 179406 216463 128936 106243 85396.6 67617.6 

