Matrix: A
209.398 16.5936 111.829 194.688 219.92 193.693 148.149 212.705 65.8092 66.309 
233.202 93.4225 23.3058 185.114 161.74 225.087 147.223 82.7203 139.335 167.165 
20.1498 175.115 76.121 50.3942 227.301 101.723 60.2449 107.483 186.925 192.335 
10.3735 146.322 208.928 122.203 91.01 178.849 65.896 239.159 141.554 131.705 
55.4676 124.756 225.128 78.7734 59.8694 136.868 53.8601 207.092 219.588 193.195 
124.257 239.738 118.31 200.378 40.1322 95.6113 52.1015 100.377 203.094 239.026 
42.7119 213.467 135.348 1.64028 85.6702 226.358 180.489 151.566 215.517 72.0428 
33.2713 20.9847 196.798 8.399 99.7581 6.66772 145.267 153.618 213.76 114.855 
96.8136 88.0174 104.593 215.124 38.3958 144.725 60.7351 90.4973 245.102 13.829 
79.5235 37.8143 227.296 214.872 39.4545 62.9666 191.23 219.943 214.533 156.748 

Matrix: B
335.036 26.5498 178.927 311.5 351.872 309.909 237.038 340.329 105.295 106.094 373.123 149.476 37.2893 296.182 
258.784 360.139 235.557 132.352 222.936 267.464 32.2397 280.184 121.794 80.6307 363.682 162.757 96.3918 171.972 
299.08 307.736 16.5977 234.116 334.285 195.524 145.616 286.158 105.434 382.654 226.486 210.728 88.7481 199.609 
360.204 126.037 95.791 218.989 86.1762 331.348 351.341 309.113 198.812 383.581 189.296 320.605 64.2115 152.978 
83.3624 160.603 324.95 382.442 68.339 341.548 216.558 2.62445 137.072 362.174 288.782 242.506 344.827 115.268 
53.2341 33.5755 314.877 13.4384 159.613 10.6683 232.427 245.789 342.016 183.768 154.902 140.828 167.349 344.198 
61.4332 231.56 97.1762 144.796 392.164 22.1264 127.238 60.5028 363.674 343.795 63.1273 100.747 305.969 351.909 
343.252 250.796 67.1778 396.487 284.372 382.055 9.9249 43.9844 392.724 242.352 289.774 334.74 26.12 44.6753 
75.5674 193.469 388.873 137.001 25.0293 86.0496 281.796 17.1931 108.176 9.03378 77.6959 71.8503 352.829 140.823 
172.597 258.798 92.7325 115.849 109.594 159.91 112.336 393.965 141.965 122.261 37.9496 134.689 364.613 327.723 

Matrix: C_CPU
305198 229854 254760 345432 304986 333696 274456 261853 324902 367452 318478 300379 238364 301633 
278241 228929 294833 288452 276674 294378 291660 305978 299178 304498 293316 260293 282415 344135 
205266 260144 260438 245836 187637 252621 195092 206241 219088 237696 236153 214542 280346 235559 
284522 290000 227116 274497 263238 282757 207255 255113 290779 303545 270981 270433 226567 257655 
283183 296713 235599 270855 261995 272687 214896 268657 267548 273451 258260 251632 252488 271325 
313926 299348 255959 261505 252245 302086 247433 334087 247067 260049 281904 255599 258320 299590 
221648 281376 277654 233510 277161 220980 201750 219120 292958 256328 259132 216936 263200 288663 
184763 229552 167696 223828 209368 189994 156471 142485 197021 224249 170701 174569 222541 193551 
230592 192354 227024 209889 190118 219155 237800 207027 215578 227128 215677 205385 185118 216302 
318957 302723 211459 308424 303745 296333 256417 271387 307989 346893 255148 282680 261823 293221 

Matrix: C_GPU
359927 229854 280589 345432 267423 333696 398697 261853 305665 367452 188601 300379 89815.4 301633 
403616 228929 309987 288452 248026 294378 375385 305978 317803 304498 191181 260293 126578 344135 
304779 260144 290605 245836 159136 252621 282753 206241 270862 237696 163775 214542 92548 235559 
326588 290000 284021 274497 236174 282757 317155 255113 267954 303545 160500 270433 76417.1 257655 
334774 296713 294558 270855 229202 272687 297718 268657 270560 273451 161343 251632 94047.5 271325 
389013 299348 300364 261505 244435 302086 302061 334087 275043 260049 175211 255599 120593 299590 
335558 281376 325768 233510 245572 220980 294501 219120 304399 256328 187121 216936 83189.7 288663 
206896 229552 211064 223828 161492 189994 205616 142485 230106 224249 111112 174569 88104.7 193551 
331344 192354 258164 209889 194730 219155 283240 207027 245763 227128 131692 205385 41048.8 216302 
334333 302723 261852 308424 258024 296333 324169 271387 307427 346893 133458 282680 132425 293221 

