Matrix: A
104.761 218.936 168.368 38.2223 66.6267 109.2 124.774 35.0917 210.014 170.305 
24.8528 197.356 114.091 152.945 154.475 109.672 107.932 85.1554 208.162 20.8125 
246.828 159.016 190.634 214.284 42.5835 94.3441 137.854 125.536 37.0591 220.551 
85.4807 141.82 189.487 3.84887 180.043 6.11368 113.049 54.8166 41.2053 73.0637 
225.122 66.0582 20.4197 89.213 219.003 174.895 198.885 76.935 10.0502 157.047 
97.7475 6.87818 66.0634 38.3818 221.162 108.647 132.726 109.017 234.182 169.785 
79.5675 69.6631 61.6055 19.0545 73.512 241.648 25.1682 186.561 46.465 66.3735 
9.62503 21.5865 132.432 30.0447 110.799 101.435 204.94 59.6846 178.37 214.99 
216.732 26.1171 221.868 32.7954 64.4989 193.03 141.442 197.225 52.0469 125.625 
117.01 131.614 195.288 178.615 150.669 18.7998 170.264 175.837 205.361 216.729 

Matrix: B
167.618 350.298 269.389 61.1557 106.603 174.721 199.638 56.1466 336.023 272.488 39.7645 315.77 182.546 244.712 
247.16 175.475 172.691 136.249 333.06 33.2999 394.925 254.425 305.015 342.855 68.1335 150.951 220.567 200.857 
59.2946 352.881 136.769 226.913 303.179 6.15819 288.068 9.78188 180.879 87.7066 65.9285 116.902 360.195 105.693 
32.6716 142.741 350.405 279.832 318.216 123.096 16.0803 251.276 156.396 11.0051 105.701 61.4109 353.86 173.835 
212.361 174.427 374.692 271.656 127.308 111.461 98.5688 30.4873 117.619 386.637 40.2691 298.498 74.3439 106.198 
15.4 34.5385 211.891 48.0716 177.279 162.295 327.903 95.4953 285.391 343.984 346.771 41.7873 354.989 52.4726 
103.198 308.848 226.308 315.56 83.275 200.999 187.216 210.583 312.46 285.785 241.07 30.0797 272.422 281.34 
328.578 346.766 387.537 343.978 381.304 199.428 392.049 158.584 361.723 319.953 254.079 247.115 263.936 200.85 
288.902 218.925 253.323 392.1 127.773 79.6303 307.66 211.048 280.63 94.8756 21.6315 193.09 380.66 262.702 
223.17 253.082 144.041 151.748 199.848 131.579 95.7254 181.152 331.007 87.7748 339.736 292.73 7.72746 193.815 

Matrix: C_CPU
221822 295162 270123 268121 259777 127695 316901 192310 344403 263880 176171 215440 309816 237187 
203102 249865 304249 292463 262964 123452 289043 190273 292406 263245 141604 181638 324978 212715 
224877 372949 352062 290767 335565 180745 313109 217045 403257 292209 231158 260929 347779 275692 
156958 235297 211329 199602 189208 88908.1 209799 104207 220678 220461 102226 171077 193570 157342 
191144 284682 325215 237263 218033 182219 242805 160095 333890 327792 214761 234511 252482 222944 
226959 279601 311958 294919 208845 154130 255193 160066 312739 268024 181793 238392 267135 221808 
146296 185161 226641 165661 201057 121057 246435 109615 250076 239842 177766 151314 224367 133396 
181145 258462 243632 264727 195595 131314 230486 157154 287296 213159 194864 179225 250239 201172 
196152 336658 309522 255081 270673 171094 319516 144428 360453 298658 226040 227465 321533 221839 
284887 398791 393901 388840 345647 182021 340222 239578 411982 304249 221756 288043 374452 302919 

Matrix: C_GPU
96608.3 241683 212158 268121 133104 88000.6 250881 192310 244458 66109.4 42033.4 215440 160501 222587 
91920 179420 175997 292463 112996 67417.1 210361 190273 258355 44497.5 39019.4 181638 137477 184827 
144095 325053 248734 290767 133787 112565 248147 217045 313306 99710.5 42530.8 260929 193726 257848 
84092.3 198585 170068 199602 87727.8 60769.1 134625 104207 166460 25395.5 5519.15 171077 109115 165306 
111739 251145 232443 237263 141417 139312 193544 160095 230904 121504 69600.3 234511 152201 224933 
81230.8 188952 231098 294919 77210.7 81010.4 184832 160066 202013 64007.7 41562.5 238392 152065 148008 
100458 114897 173948 165661 78961.1 64618.2 164122 109615 214177 104804 86960.7 151314 139655 175585 
66170.7 198677 192926 264727 95386.2 90069.6 168255 157154 204403 37514.5 35557.3 179225 135622 168506 
144034 257581 263536 255081 113095 119282 205057 144428 301246 125456 75555.6 227465 226279 268545 
139272 297066 263782 388840 110238 87771.3 235696 239578 313585 38350.6 11172.1 288043 190846 216342 

