5 2 5 2 
3 6 3 6 
5 2 5 2 
3 6 3 6 

Results: 

5 7 12 14 
8 16 24 32 
13 23 36 46 
16 32 48 64 

Test passed
Test passed!!
image dimensions: 6000x4000x1
image basename: 1.jpg
Original: 
0 1 2 3 4 5 6 7 8 9 
10 11 12 13 14 15 16 17 18 19 
20 21 22 23 24 25 26 27 28 29 
30 31 32 33 34 35 36 37 38 39 
40 41 42 43 44 45 46 47 48 49 
50 51 52 53 54 55 56 57 58 59 
60 61 62 63 64 65 66 67 68 69 
70 71 72 73 74 75 76 77 78 79 
80 81 82 83 84 85 86 87 88 89 
90 91 92 93 94 95 96 97 98 99 
CPU: 
0 1 3 6 10 15 21 28 36 45 
10 22 36 52 70 90 112 136 162 190 
30 63 99 138 180 225 273 324 378 435 
60 124 192 264 340 420 504 592 684 780 
100 205 315 430 550 675 805 940 1080 1225 
150 306 468 636 810 990 1176 1368 1566 1770 
210 427 651 882 1120 1365 1617 1876 2142 2415 
280 568 864 1168 1480 1800 2128 2464 2808 3160 
360 729 1107 1494 1890 2295 2709 3132 3564 4005 
450 910 1380 1860 2350 2850 3360 3880 4410 4950 
n_blocks_row: 1
Kernel duration: 48357 ms
GPU: 
0 1 3 6 10 15 21 28 36 45 
10 22 36 52 70 90 112 136 162 190 
30 63 99 138 180 225 273 324 378 435 
60 124 192 264 340 420 504 592 684 780 
100 205 315 430 550 675 805 940 1080 1225 
150 306 468 636 810 990 1176 1368 1566 1770 
210 427 651 882 1120 1365 1617 1876 2142 2415 
280 568 864 1168 1480 1800 2128 2464 2808 3160 
360 729 1107 1494 1890 2295 2709 3132 3564 4005 
450 910 1380 1860 2350 2850 3360 3880 4410 4950 
Comparing 100 elements
Test passed
The GPU Test Passed
Enter the number of queries to execute : 
Enter query 0 :
Enter A(x1,y1) 
