GPU result: 
0 1 3 6 10 15 21 28 36 45 
1 3 6 10 15 21 28 36 45 55 
2 5 9 14 20 27 35 44 54 65 
3 7 12 18 25 33 42 52 63 75 
4 9 15 22 30 39 49 60 72 85 
5 11 18 26 35 45 56 68 81 95 
6 13 21 30 40 51 63 76 90 105 
7 15 24 34 45 57 70 84 99 115 
8 17 27 38 50 63 77 92 108 125 
9 19 30 42 55 69 84 100 117 135 

Transpose:

0 1 2 3 4 5 6 7 8 9 
1 3 5 7 9 11 13 15 17 19 
3 6 9 12 15 18 21 24 27 30 
6 10 14 18 22 26 30 34 38 42 
10 15 20 25 30 35 40 45 50 55 
15 21 27 33 39 45 51 57 63 69 
21 28 35 42 49 56 63 70 77 84 
28 36 44 52 60 68 76 84 92 100 
36 45 54 63 72 81 90 99 108 117 
45 55 65 75 85 95 105 115 125 135 



0 1 3 6 10 15 21 28 36 45 
1 3 6 10 15 21 28 36 45 55 
2 5 9 14 20 27 35 44 54 65 
3 7 12 18 25 33 42 52 63 75 
4 9 15 22 30 39 49 60 72 85 


0 1 3 6 10 15 21 28 36 45 
1 3 6 10 15 21 28 36 45 55 
2 5 9 14 20 27 35 44 54 65 
3 7 12 18 25 78 87 97 108 120 
4 9 15 22 30 89 99 110 122 135 


0 1 3 6 10 15 21 28 36 45 
1 4 9 16 25 36 49 64 81 100 
3 9 18 30 45 63 84 108 135 165 
6 16 30 48 70 96 126 160 198 240 
10 25 45 70 100 135 175 220 270 325 


0 1 2 3 4 5 6 7 8 9 
1 2 3 4 5 6 7 8 9 10 
2 3 4 5 6 7 8 9 10 11 
3 4 5 6 7 8 9 10 11 12 
4 5 6 7 8 9 10 11 12 13 


0 1 2 3 4 
1 3 5 7 9 
3 6 9 12 15 
6 10 14 18 22 
10 15 20 25 30 
15 21 27 78 89 
21 28 35 87 99 
28 36 44 97 110 
36 45 54 108 122 
45 55 65 120 135 


0 1 3 6 10 
1 4 9 16 25 
3 9 18 30 45 
6 16 30 48 70 
10 25 45 70 100 
15 36 63 141 230 
21 49 84 171 270 
28 64 108 205 315 
36 81 135 243 365 
45 100 165 285 420 


0 1 3 6 10 15 21 28 36 45 
1 4 9 16 25 36 49 64 81 100 
3 9 18 30 45 63 84 108 135 165 
6 16 30 48 70 96 126 160 198 240 
10 25 45 70 100 135 175 220 270 325 








0 1 2 3 4 5 6 7 8 9 
1 2 3 4 5 6 7 8 9 10 
2 3 4 5 6 7 8 9 10 11 
3 4 5 6 7 8 9 10 11 12 
4 5 6 7 8 9 10 11 12 13 

0 1 3 6 10 5 11 18 26 35 
1 3 6 10 15 6 13 21 30 40 
2 5 9 14 20 7 15 24 34 45 
3 7 12 18 25 8 17 27 38 50 
4 9 15 22 30 9 19 30 42 55 


ROW ONLY: 
0 1 3 6 10 15 21 28 36 45 
1 3 6 10 15 21 28 36 45 55 
2 5 9 14 20 27 35 44 54 65 
3 7 12 18 25 78 87 97 108 120 
4 9 15 22 30 89 99 110 122 135 


t1
0 1 2 3 4 1 3 5 7 9 
3 6 9 12 15 6 10 14 18 22 
10 15 20 25 30 15 21 27 78 89 
21 28 35 87 99 28 36 44 97 110 
36 45 54 108 122 45 55 65 120 135 



0 1 3 6 10 15 21 28 36 45 
1 3 6 10 15 21 28 36 45 55 
2 5 9 14 20 27 35 44 54 65 
3 7 12 18 25 33 42 52 63 75 
4 9 15 22 30 39 49 60 72 85 

